# Time [ns]	Counts	PDF [1/ns]
-500	0	0
-495	0	0
-490	0	0
-485	0	0
-480	0	0
-475	0	0
-470	0	0
-465	0	0
-460	0	0
-455	0	0
-450	0	0
-445	0	0
-440	0	0
-435	0	0
-430	0	0
-425	0	0
-420	0	0
-415	0	0
-410	0	0
-405	0	0
-400	0	0
-395	0	0
-390	0	0
-385	0	0
-380	0	0
-375	0	0
-370	0	0
-365	0	0
-360	0	0
-355	0	0
-350	0	0
-345	0	0
-340	0	0
-335	0	0
-330	0	0
-325	0	0
-320	0	0
-315	0	0
-310	0	0
-305	0	0
-300	0	0
-295	0	0
-290	0	0
-285	0	0
-280	0	0
-275	0	0
-270	0	0
-265	0	0
-260	0	0
-255	0	0
-250	0	0
-245	0	0
-240	1	0.0020202
-235	0	0
-230	1	0.0020202
-225	0	0
-220	0	0
-215	0	0
-210	2	0.0040404
-205	0	0
-200	0	0
-195	0	0
-190	0	0
-185	0	0
-180	0	0
-175	0	0
-170	0	0
-165	0	0
-160	0	0
-155	0	0
-150	0	0
-145	0	0
-140	0	0
-135	0	0
-130	1	0.0020202
-125	4	0.00808081
-120	1	0.0020202
-115	1	0.0020202
-110	1	0.0020202
-105	1	0.0020202
-100	1	0.0020202
-95	4	0.00808081
-90	7	0.0141414
-85	2	0.0040404
-80	6	0.0121212
-75	1	0.0020202
-70	1	0.0020202
-65	3	0.00606061
-60	2	0.0040404
-55	2	0.0040404
-50	0	0
-45	2	0.0040404
-40	0	0
-35	0	0
-30	1	0.0020202
-25	1	0.0020202
-20	2	0.0040404
-15	2	0.0040404
-10	2	0.0040404
-5	1	0.0020202
0	2	0.0040404
5	1	0.0020202
10	0	0
15	0	0
20	3	0.00606061
25	1	0.0020202
30	5	0.010101
35	5	0.010101
40	0	0
45	1	0.0020202
50	1	0.0020202
55	1	0.0020202
60	4	0.00808081
65	2	0.0040404
70	0	0
75	2	0.0040404
80	0	0
85	1	0.0020202
90	2	0.0040404
95	1	0.0020202
100	2	0.0040404
105	3	0.00606061
110	0	0
115	1	0.0020202
120	1	0.0020202
125	0	0
130	1	0.0020202
135	0	0
140	1	0.0020202
145	0	0
150	0	0
155	0	0
160	0	0
165	1	0.0020202
170	0	0
175	0	0
180	0	0
185	0	0
190	1	0.0020202
195	0	0
200	0	0
205	0	0
210	0	0
215	0	0
220	0	0
225	0	0
230	0	0
235	0	0
240	0	0
245	1	0.0020202
250	0	0
255	0	0
260	0	0
265	0	0
270	0	0
275	0	0
280	0	0
285	0	0
290	0	0
295	0	0
300	0	0
305	0	0
310	0	0
315	0	0
320	0	0
325	0	0
330	0	0
335	1	0.0020202
340	0	0
345	0	0
350	0	0
355	0	0
360	0	0
365	0	0
370	0	0
375	0	0
380	1	0.0020202
385	0	0
390	0	0
395	0	0
400	0	0
405	0	0
410	0	0
415	0	0
420	0	0
425	0	0
430	0	0
435	0	0
440	0	0
445	0	0
450	0	0
455	0	0
460	0	0
465	0	0
470	0	0
475	0	0
480	0	0
485	0	0
490	0	0
495	0	0
