# Time [ps]	Counts	PDF [1/ps]
0	1264	1.17846e-09
30000000	1285	1.19803e-09
60000000	1247	1.16261e-09
90000000	1179	1.09921e-09
120000000	1094	1.01996e-09
150000000	1063	9.91059e-10
180000000	1015	9.46308e-10
210000000	1006	9.37917e-10
240000000	880	8.20444e-10
270000000	916	8.54008e-10
300000000	889	8.28835e-10
330000000	875	8.15782e-10
360000000	818	7.6264e-10
390000000	819	7.63572e-10
420000000	771	7.18821e-10
450000000	748	6.97377e-10
480000000	689	6.4237e-10
510000000	671	6.25589e-10
540000000	704	6.56355e-10
570000000	624	5.81769e-10
600000000	601	5.60326e-10
630000000	626	5.83634e-10
660000000	600	5.59394e-10
690000000	575	5.36086e-10
720000000	538	5.0159e-10
750000000	481	4.48447e-10
780000000	513	4.78282e-10
810000000	457	4.26071e-10
840000000	479	4.46583e-10
870000000	481	4.48447e-10
900000000	418	3.89711e-10
930000000	413	3.85049e-10
960000000	391	3.64538e-10
990000000	358	3.33772e-10
1020000000	325	3.03005e-10
1050000000	356	3.31907e-10
1080000000	352	3.28178e-10
1110000000	322	3.00208e-10
1140000000	329	3.06734e-10
1170000000	296	2.75968e-10
1200000000	284	2.6478e-10
1230000000	276	2.57321e-10
1260000000	255	2.37742e-10
1290000000	270	2.51727e-10
1320000000	273	2.54524e-10
1350000000	248	2.31216e-10
1380000000	230	2.14434e-10
1410000000	234	2.18164e-10
1440000000	200	1.86465e-10
1470000000	240	2.23757e-10
1500000000	226	2.10705e-10
1530000000	161	1.50104e-10
1560000000	210	1.95788e-10
1590000000	188	1.75277e-10
1620000000	172	1.6036e-10
1650000000	167	1.55698e-10
1680000000	171	1.59427e-10
1710000000	172	1.6036e-10
1740000000	142	1.3239e-10
1770000000	152	1.41713e-10
1800000000	158	1.47307e-10
1830000000	145	1.35187e-10
1860000000	138	1.28661e-10
1890000000	146	1.36119e-10
1920000000	130	1.21202e-10
1950000000	128	1.19337e-10
1980000000	120	1.11879e-10
2010000000	100	9.32323e-11
2040000000	111	1.03488e-10
2070000000	117	1.09082e-10
2100000000	112	1.0442e-10
2130000000	94	8.76383e-11
2160000000	107	9.97585e-11
2190000000	79	7.36535e-11
2220000000	101	9.41646e-11
2250000000	92	8.57737e-11
2280000000	77	7.17888e-11
2310000000	93	8.6706e-11
2340000000	72	6.71272e-11
2370000000	75	6.99242e-11
2400000000	62	5.7804e-11
2430000000	63	5.87363e-11
2460000000	76	7.08565e-11
2490000000	50	4.66161e-11
2520000000	57	5.31424e-11
2550000000	46	4.28868e-11
2580000000	53	4.94131e-11
2610000000	47	4.38192e-11
2640000000	60	5.59394e-11
2670000000	48	4.47515e-11
2700000000	34	3.1699e-11
2730000000	44	4.10222e-11
2760000000	36	3.35636e-11
2790000000	48	4.47515e-11
2820000000	29	2.70374e-11
2850000000	43	4.00899e-11
2880000000	31	2.8902e-11
2910000000	41	3.82252e-11
2940000000	36	3.35636e-11
2970000000	31	2.8902e-11
3000000000	29	2.70374e-11
3030000000	37	3.44959e-11
3060000000	22	2.05111e-11
3090000000	33	3.07666e-11
3120000000	31	2.8902e-11
3150000000	30	2.79697e-11
3180000000	20	1.86465e-11
3210000000	32	2.98343e-11
3240000000	34	3.1699e-11
3270000000	18	1.67818e-11
3300000000	26	2.42404e-11
3330000000	22	2.05111e-11
3360000000	18	1.67818e-11
3390000000	27	2.51727e-11
3420000000	26	2.42404e-11
3450000000	11	1.02555e-11
3480000000	13	1.21202e-11
3510000000	12	1.11879e-11
3540000000	16	1.49172e-11
3570000000	16	1.49172e-11
3600000000	18	1.67818e-11
3630000000	12	1.11879e-11
3660000000	13	1.21202e-11
3690000000	20	1.86465e-11
3720000000	17	1.58495e-11
3750000000	11	1.02555e-11
3780000000	9	8.3909e-12
3810000000	15	1.39848e-11
3840000000	6	5.59394e-12
3870000000	7	6.52626e-12
3900000000	11	1.02555e-11
3930000000	9	8.3909e-12
3960000000	6	5.59394e-12
3990000000	4	3.72929e-12
4020000000	6	5.59394e-12
4050000000	9	8.3909e-12
4080000000	6	5.59394e-12
4110000000	11	1.02555e-11
4140000000	5	4.66161e-12
4170000000	11	1.02555e-11
4200000000	13	1.21202e-11
4230000000	6	5.59394e-12
4260000000	4	3.72929e-12
4290000000	7	6.52626e-12
4320000000	7	6.52626e-12
4350000000	7	6.52626e-12
4380000000	12	1.11879e-11
4410000000	8	7.45858e-12
4440000000	5	4.66161e-12
4470000000	3	2.79697e-12
4500000000	6	5.59394e-12
4530000000	8	7.45858e-12
4560000000	5	4.66161e-12
4590000000	7	6.52626e-12
4620000000	5	4.66161e-12
4650000000	2	1.86465e-12
4680000000	2	1.86465e-12
4710000000	4	3.72929e-12
4740000000	8	7.45858e-12
4770000000	4	3.72929e-12
4800000000	7	6.52626e-12
4830000000	4	3.72929e-12
4860000000	2	1.86465e-12
4890000000	3	2.79697e-12
4920000000	5	4.66161e-12
4950000000	2	1.86465e-12
4980000000	3	2.79697e-12
5010000000	3	2.79697e-12
5040000000	4	3.72929e-12
5070000000	3	2.79697e-12
5100000000	2	1.86465e-12
5130000000	0	0
5160000000	4	3.72929e-12
5190000000	0	0
5220000000	5	4.66161e-12
5250000000	4	3.72929e-12
5280000000	2	1.86465e-12
5310000000	2	1.86465e-12
5340000000	1	9.32323e-13
5370000000	3	2.79697e-12
5400000000	4	3.72929e-12
5430000000	0	0
5460000000	0	0
5490000000	0	0
5520000000	0	0
5550000000	1	9.32323e-13
5580000000	2	1.86465e-12
5610000000	4	3.72929e-12
5640000000	2	1.86465e-12
5670000000	1	9.32323e-13
5700000000	1	9.32323e-13
5730000000	1	9.32323e-13
5760000000	1	9.32323e-13
5790000000	2	1.86465e-12
5820000000	1	9.32323e-13
5850000000	2	1.86465e-12
5880000000	0	0
5910000000	0	0
5940000000	0	0
5970000000	1	9.32323e-13

# Time [ps]	Counts	PDF [1/ps]
0	1218	1.1519e-09
30000000	1124	1.063e-09
60000000	1158	1.09516e-09
90000000	1176	1.11218e-09
120000000	1149	1.08665e-09
150000000	1110	1.04976e-09
180000000	973	9.20199e-10
210000000	989	9.35331e-10
240000000	959	9.06959e-10
270000000	844	7.98199e-10
300000000	906	8.56835e-10
330000000	909	8.59672e-10
360000000	770	7.28215e-10
390000000	820	7.75502e-10
420000000	726	6.86603e-10
450000000	725	6.85657e-10
480000000	742	7.01734e-10
510000000	652	6.16618e-10
540000000	668	6.3175e-10
570000000	634	5.99595e-10
600000000	565	5.3434e-10
630000000	618	5.84463e-10
660000000	604	5.71223e-10
690000000	554	5.23937e-10
720000000	535	5.05968e-10
750000000	488	4.61518e-10
780000000	494	4.67192e-10
810000000	458	4.33146e-10
840000000	461	4.35983e-10
870000000	438	4.14231e-10
900000000	412	3.89642e-10
930000000	410	3.87751e-10
960000000	427	4.03828e-10
990000000	396	3.74511e-10
1020000000	385	3.64108e-10
1050000000	347	3.2817e-10
1080000000	356	3.36681e-10
1110000000	320	3.02635e-10
1140000000	319	3.01689e-10
1170000000	289	2.73317e-10
1200000000	293	2.771e-10
1230000000	271	2.56294e-10
1260000000	278	2.62914e-10
1290000000	265	2.50619e-10
1320000000	235	2.22247e-10
1350000000	269	2.54402e-10
1380000000	255	2.41162e-10
1410000000	219	2.07116e-10
1440000000	204	1.9293e-10
1470000000	202	1.91038e-10
1500000000	209	1.97658e-10
1530000000	205	1.93875e-10
1560000000	190	1.79689e-10
1590000000	192	1.81581e-10
1620000000	180	1.70232e-10
1650000000	139	1.31457e-10
1680000000	172	1.62666e-10
1710000000	182	1.72124e-10
1740000000	155	1.46589e-10
1770000000	151	1.42806e-10
1800000000	160	1.51317e-10
1830000000	149	1.40914e-10
1860000000	128	1.21054e-10
1890000000	133	1.25783e-10
1920000000	118	1.11597e-10
1950000000	123	1.16325e-10
1980000000	88	8.32246e-11
2010000000	106	1.00248e-10
2040000000	109	1.03085e-10
2070000000	90	8.5116e-11
2100000000	99	9.36276e-11
2130000000	93	8.79532e-11
2160000000	96	9.07904e-11
2190000000	78	7.37672e-11
2220000000	71	6.71471e-11
2250000000	83	7.84959e-11
2280000000	81	7.66044e-11
2310000000	85	8.03874e-11
2340000000	73	6.90386e-11
2370000000	73	6.90386e-11
2400000000	68	6.43099e-11
2430000000	58	5.48526e-11
2460000000	69	6.52556e-11
2490000000	49	4.6341e-11
2520000000	52	4.91782e-11
2550000000	55	5.20154e-11
2580000000	41	3.87751e-11
2610000000	37	3.49922e-11
2640000000	51	4.82324e-11
2670000000	54	5.10696e-11
2700000000	41	3.87751e-11
2730000000	46	4.35038e-11
2760000000	34	3.21549e-11
2790000000	50	4.72867e-11
2820000000	44	4.16123e-11
2850000000	47	4.44495e-11
2880000000	35	3.31007e-11
2910000000	32	3.02635e-11
2940000000	35	3.31007e-11
2970000000	45	4.2558e-11
3000000000	32	3.02635e-11
3030000000	34	3.21549e-11
3060000000	35	3.31007e-11
3090000000	33	3.12092e-11
3120000000	24	2.26976e-11
3150000000	31	2.93177e-11
3180000000	16	1.51317e-11
3210000000	26	2.45891e-11
3240000000	26	2.45891e-11
3270000000	21	1.98604e-11
3300000000	23	2.17519e-11
3330000000	23	2.17519e-11
3360000000	20	1.89147e-11
3390000000	21	1.98604e-11
3420000000	14	1.32403e-11
3450000000	13	1.22945e-11
3480000000	24	2.26976e-11
3510000000	16	1.51317e-11
3540000000	12	1.13488e-11
3570000000	22	2.08061e-11
3600000000	14	1.32403e-11
3630000000	15	1.4186e-11
3660000000	16	1.51317e-11
3690000000	10	9.45734e-12
3720000000	10	9.45734e-12
3750000000	12	1.13488e-11
3780000000	18	1.70232e-11
3810000000	21	1.98604e-11
3840000000	12	1.13488e-11
3870000000	14	1.32403e-11
3900000000	2	1.89147e-12
3930000000	14	1.32403e-11
3960000000	9	8.5116e-12
3990000000	12	1.13488e-11
4020000000	8	7.56587e-12
4050000000	7	6.62014e-12
4080000000	9	8.5116e-12
4110000000	14	1.32403e-11
4140000000	12	1.13488e-11
4170000000	5	4.72867e-12
4200000000	8	7.56587e-12
4230000000	3	2.8372e-12
4260000000	8	7.56587e-12
4290000000	7	6.62014e-12
4320000000	7	6.62014e-12
4350000000	5	4.72867e-12
4380000000	6	5.6744e-12
4410000000	6	5.6744e-12
4440000000	1	9.45734e-13
4470000000	10	9.45734e-12
4500000000	4	3.78294e-12
4530000000	10	9.45734e-12
4560000000	8	7.56587e-12
4590000000	4	3.78294e-12
4620000000	4	3.78294e-12
4650000000	6	5.6744e-12
4680000000	6	5.6744e-12
4710000000	1	9.45734e-13
4740000000	1	9.45734e-13
4770000000	3	2.8372e-12
4800000000	4	3.78294e-12
4830000000	4	3.78294e-12
4860000000	3	2.8372e-12
4890000000	4	3.78294e-12
4920000000	3	2.8372e-12
4950000000	5	4.72867e-12
4980000000	3	2.8372e-12
5010000000	3	2.8372e-12
5040000000	3	2.8372e-12
5070000000	4	3.78294e-12
5100000000	0	0
5130000000	2	1.89147e-12
5160000000	0	0
5190000000	1	9.45734e-13
5220000000	0	0
5250000000	1	9.45734e-13
5280000000	3	2.8372e-12
5310000000	1	9.45734e-13
5340000000	2	1.89147e-12
5370000000	0	0
5400000000	2	1.89147e-12
5430000000	1	9.45734e-13
5460000000	2	1.89147e-12
5490000000	1	9.45734e-13
5520000000	1	9.45734e-13
5550000000	0	0
5580000000	1	9.45734e-13
5610000000	2	1.89147e-12
5640000000	0	0
5670000000	0	0
5700000000	1	9.45734e-13
5730000000	0	0
5760000000	0	0
5790000000	1	9.45734e-13
5820000000	0	0
5850000000	2	1.89147e-12
5880000000	1	9.45734e-13
5910000000	2	1.89147e-12
5940000000	0	0
5970000000	2	1.89147e-12
