START: TDC 0
STOP: TDC 1
1st stop option: Off
From: -48000000000 ps
To: 48000000000 ps
START counts: 19179
STOP counts: 18816
Time intervals: 37583
Elapsed time: 61.5 s
Offset: 0 ps

Time [ps]	Counts	PDF [1/ps]
-26800000000	1	1.0117e-13
-26537000000	0	0
-26274000000	0	0
-26011000000	1	1.0117e-13
-25748000000	0	0
-25485000000	2	2.0234e-13
-25222000000	0	0
-24959000000	1	1.0117e-13
-24696000000	0	0
-24433000000	1	1.0117e-13
-24170000000	1	1.0117e-13
-23907000000	1	1.0117e-13
-23644000000	0	0
-23381000000	1	1.0117e-13
-23118000000	0	0
-22855000000	1	1.0117e-13
-22592000000	1	1.0117e-13
-22329000000	2	2.0234e-13
-22066000000	1	1.0117e-13
-21803000000	2	2.0234e-13
-21540000000	3	3.03511e-13
-21277000000	2	2.0234e-13
-21014000000	0	0
-20751000000	0	0
-20488000000	1	1.0117e-13
-20225000000	1	1.0117e-13
-19962000000	2	2.0234e-13
-19699000000	4	4.04681e-13
-19436000000	1	1.0117e-13
-19173000000	2	2.0234e-13
-18910000000	7	7.08192e-13
-18647000000	3	3.03511e-13
-18384000000	1	1.0117e-13
-18121000000	7	7.08192e-13
-17858000000	8	8.09362e-13
-17595000000	4	4.04681e-13
-17332000000	5	5.05851e-13
-17069000000	5	5.05851e-13
-16806000000	3	3.03511e-13
-16543000000	6	6.07021e-13
-16280000000	11	1.11287e-12
-16017000000	10	1.0117e-12
-15754000000	16	1.61872e-12
-15491000000	11	1.11287e-12
-15228000000	15	1.51755e-12
-14965000000	9	9.10532e-13
-14702000000	19	1.92223e-12
-14439000000	15	1.51755e-12
-14176000000	10	1.0117e-12
-13913000000	21	2.12458e-12
-13650000000	21	2.12458e-12
-13387000000	26	2.63043e-12
-13124000000	22	2.22575e-12
-12861000000	25	2.52926e-12
-12598000000	35	3.54096e-12
-12335000000	25	2.52926e-12
-12072000000	37	3.7433e-12
-11809000000	36	3.64213e-12
-11546000000	41	4.14798e-12
-11283000000	46	4.65383e-12
-11020000000	48	4.85617e-12
-10757000000	53	5.36202e-12
-10494000000	58	5.86787e-12
-10231000000	61	6.17139e-12
-9968000000	71	7.18309e-12
-9705000000	69	6.98075e-12
-9442000000	81	8.19479e-12
-9179000000	88	8.90298e-12
-8916000000	97	9.81351e-12
-8653000000	99	1.00159e-11
-8390000000	112	1.13311e-11
-8127000000	131	1.32533e-11
-7864000000	124	1.25451e-11
-7601000000	139	1.40627e-11
-7338000000	152	1.53779e-11
-7075000000	161	1.62884e-11
-6812000000	145	1.46697e-11
-6549000000	185	1.87165e-11
-6286000000	204	2.06387e-11
-6023000000	262	2.65066e-11
-5760000000	266	2.69113e-11
-5497000000	278	2.81253e-11
-5234000000	309	3.12616e-11
-4971000000	317	3.2071e-11
-4708000000	343	3.47014e-11
-4445000000	393	3.97599e-11
-4182000000	416	4.20868e-11
-3919000000	414	4.18845e-11
-3656000000	520	5.26085e-11
-3393000000	556	5.62507e-11
-3130000000	608	6.15115e-11
-2867000000	664	6.7177e-11
-2604000000	652	6.5963e-11
-2341000000	709	7.17297e-11
-2078000000	813	8.22514e-11
-1815000000	935	9.45942e-11
-1552000000	973	9.84386e-11
-1289000000	1028	1.04003e-10
-1026000000	1164	1.17762e-10
-763000000	1274	1.28891e-10
-500000000	1330	1.34556e-10
-237000000	3610	3.65225e-10
26000000	1358	1.37389e-10
289000000	1264	1.27879e-10
552000000	1158	1.17155e-10
815000000	1068	1.0805e-10
1078000000	1015	1.02688e-10
1341000000	909	9.19638e-11
1604000000	844	8.53877e-11
1867000000	746	7.5473e-11
2130000000	710	7.18309e-11
2393000000	639	6.46478e-11
2656000000	597	6.03986e-11
2919000000	565	5.71612e-11
3182000000	565	5.71612e-11
3445000000	465	4.70442e-11
3708000000	439	4.44137e-11
3971000000	398	4.02658e-11
4234000000	390	3.94564e-11
4497000000	346	3.50049e-11
4760000000	313	3.16663e-11
5023000000	264	2.67089e-11
5286000000	236	2.38762e-11
5549000000	237	2.39773e-11
5812000000	220	2.22575e-11
6075000000	193	1.95259e-11
6338000000	160	1.61872e-11
6601000000	181	1.83118e-11
6864000000	159	1.60861e-11
7127000000	165	1.66931e-11
7390000000	127	1.28486e-11
7653000000	113	1.14322e-11
7916000000	107	1.08252e-11
8179000000	108	1.09264e-11
8442000000	97	9.81351e-12
8705000000	78	7.89128e-12
8968000000	77	7.79011e-12
9231000000	61	6.17139e-12
9494000000	70	7.08192e-12
9757000000	54	5.46319e-12
10020000000	55	5.56436e-12
10283000000	36	3.64213e-12
10546000000	40	4.04681e-12
10809000000	53	5.36202e-12
11072000000	49	4.95734e-12
11335000000	35	3.54096e-12
11598000000	34	3.43979e-12
11861000000	35	3.54096e-12
12124000000	31	3.13628e-12
12387000000	27	2.7316e-12
12650000000	21	2.12458e-12
12913000000	17	1.71989e-12
13176000000	29	2.93394e-12
13439000000	13	1.31521e-12
13702000000	13	1.31521e-12
13965000000	8	8.09362e-13
14228000000	15	1.51755e-12
14491000000	11	1.11287e-12
14754000000	5	5.05851e-13
15017000000	7	7.08192e-13
15280000000	5	5.05851e-13
15543000000	4	4.04681e-13
15806000000	5	5.05851e-13
16069000000	11	1.11287e-12
16332000000	16	1.61872e-12
16595000000	7	7.08192e-13
16858000000	7	7.08192e-13
17121000000	2	2.0234e-13
17384000000	3	3.03511e-13
17647000000	4	4.04681e-13
17910000000	1	1.0117e-13
18173000000	2	2.0234e-13
18436000000	1	1.0117e-13
18699000000	6	6.07021e-13
18962000000	3	3.03511e-13
19225000000	0	0
19488000000	1	1.0117e-13
19751000000	1	1.0117e-13
20014000000	1	1.0117e-13
20277000000	4	4.04681e-13
20540000000	1	1.0117e-13
20803000000	3	3.03511e-13
21066000000	2	2.0234e-13
21329000000	3	3.03511e-13
21592000000	4	4.04681e-13
21855000000	1	1.0117e-13
22118000000	2	2.0234e-13
22381000000	2	2.0234e-13
22644000000	0	0
22907000000	0	0
23170000000	0	0
23433000000	3	3.03511e-13
23696000000	1	1.0117e-13
23959000000	0	0
24222000000	0	0
24485000000	0	0
24748000000	0	0
25011000000	0	0
25274000000	2	2.0234e-13
25537000000	1	1.0117e-13
