Total counts: 18634
Active taps: 163
Average width: 17.53 ps
Temperature: 62.5 °C

Bin	Counts	Count ratio	Bin width [ps]	Time [ps]	DNL [LSB]	INL [LSB]
1	251	0.01347	38.49	19.24	1.1956	1.196
2	321	0.0172266	49.22	63.10	1.8079	3.004
3	283	0.0151873	43.39	109.40	1.4755	4.479
4	258	0.0138457	39.56	150.88	1.2568	5.736
5	24	0.00128797	3.68	172.50	-0.7901	4.946
6	248	0.013309	38.03	193.35	1.1694	6.115
7	19	0.00101964	2.91	213.82	-0.8338	5.281
8	109	0.00584952	16.71	223.63	-0.0465	5.235
9	93	0.00499088	14.26	239.12	-0.1865	5.048
10	179	0.0096061	27.45	259.97	0.5658	5.614
11	20	0.00107331	3.07	275.23	-0.8251	4.789
12	285	0.0152946	43.70	298.61	1.4930	6.282
13	17	0.000912311	2.61	321.76	-0.8513	5.431
14	138	0.00740582	21.16	333.65	0.2071	5.638
15	48	0.00257594	7.36	347.90	-0.5801	5.058
16	33	0.00177096	5.06	354.11	-0.7113	4.347
17	2	0.000107331	0.31	356.80	-0.9825	3.364
18	184	0.00987442	28.21	371.06	0.6095	3.974
19	5	0.000268327	0.77	385.55	-0.9563	3.017
20	453	0.0243104	69.46	420.66	2.9626	5.980
21	107	0.00574219	16.41	463.59	-0.0640	5.916
22	163	0.00874745	24.99	484.29	0.4258	6.342
23	62	0.00332725	9.51	501.54	-0.4577	5.884
24	196	0.0105184	30.05	521.32	0.7145	6.599
25	16	0.000858645	2.45	537.57	-0.8600	5.739
26	177	0.00949877	27.14	552.37	0.5483	6.287
27	17	0.000912311	2.61	567.24	-0.8513	5.436
28	271	0.0145433	41.55	589.32	1.3706	6.806
29	2	0.000107331	0.31	610.25	-0.9825	5.824
30	225	0.0120747	34.50	627.65	0.9682	6.792
31	30	0.00160996	4.60	647.20	-0.7376	6.054
32	167	0.00896211	25.61	662.31	0.4608	6.515
33	4	0.000214661	0.61	675.42	-0.9650	5.550
34	278	0.014919	42.63	697.04	1.4318	6.982
35	12	0.000643984	1.84	719.27	-0.8950	6.087
36	349	0.0187292	53.51	746.94	2.0529	8.140
37	19	0.00101964	2.91	775.16	-0.8338	7.306
38	13	0.000697649	1.99	777.61	-0.8863	6.420
39	3	0.000160996	0.46	778.84	-0.9738	5.446
40	155	0.00831813	23.77	790.95	0.3559	5.802
41	67	0.00359558	10.27	807.97	-0.4139	5.388
42	4	0.000214661	0.61	813.41	-0.9650	4.423
43	9	0.000482988	1.38	814.41	-0.9213	3.501
44	280	0.0150263	42.93	836.57	1.4493	4.951
45	25	0.00134163	3.83	859.95	-0.7813	4.169
46	135	0.00724482	20.70	872.22	0.1809	4.350
47	55	0.00295159	8.43	886.78	-0.5189	3.831
48	187	0.0100354	28.67	905.33	0.6358	4.467
49	10	0.000536653	1.53	920.44	-0.9125	3.555
50	197	0.0105721	30.21	936.31	0.7232	4.278
51	39	0.00209295	5.98	954.40	-0.6588	3.619
52	190	0.0101964	29.13	971.96	0.6620	4.281
53	35	0.00187829	5.37	989.21	-0.6938	3.587
54	257	0.013792	39.41	1011.59	1.2481	4.835
55	6	0.000321992	0.92	1031.75	-0.9475	3.888
56	86	0.00461522	13.19	1038.81	-0.2477	3.640
57	50	0.00268327	7.67	1049.23	-0.5626	3.077
58	216	0.0115917	33.12	1069.63	0.8894	3.967
59	30	0.00160996	4.60	1088.49	-0.7376	3.229
60	163	0.00874745	24.99	1103.28	0.4258	3.655
61	26	0.0013953	3.99	1117.77	-0.7726	2.883
62	168	0.00901578	25.76	1132.65	0.4696	3.352
63	3	0.000160996	0.46	1145.76	-0.9738	2.378
64	216	0.0115917	33.12	1162.54	0.8894	3.268
65	10	0.000536653	1.53	1179.87	-0.9125	2.355
66	210	0.0112697	32.20	1196.74	0.8370	3.192
67	8	0.000429323	1.23	1213.45	-0.9300	2.262
68	294	0.0157776	45.08	1236.60	1.5718	3.834
69	62	0.00332725	9.51	1263.90	-0.4577	3.376
70	178	0.00955243	27.29	1282.30	0.5570	3.933
71	46	0.00246861	7.05	1299.47	-0.5976	3.336
72	146	0.00783514	22.39	1314.19	0.2771	3.613
73	24	0.00128797	3.68	1327.22	-0.7901	2.823
74	180	0.00965976	27.60	1342.86	0.5745	3.397
75	39	0.00209295	5.98	1359.65	-0.6588	2.739
76	178	0.00955243	27.29	1376.29	0.5570	3.296
77	51	0.00273693	7.82	1393.84	-0.5539	2.742
78	227	0.012182	34.81	1415.16	0.9857	3.727
79	14	0.000751315	2.15	1433.63	-0.8775	2.850
80	222	0.0119137	34.04	1451.72	0.9419	3.792
81	30	0.00160996	4.60	1471.04	-0.7376	3.054
82	166	0.00890845	25.45	1486.07	0.4521	3.506
83	114	0.00611785	17.48	1507.54	-0.0028	3.504
84	86	0.00461522	13.19	1522.87	-0.2477	3.256
85	4	0.000214661	0.61	1529.77	-0.9650	2.291
86	151	0.00810347	23.15	1541.65	0.3209	2.612
87	94	0.00504454	14.41	1560.43	-0.1777	2.434
88	344	0.0184609	52.75	1594.01	2.0091	4.443
89	71	0.00381024	10.89	1625.83	-0.3789	4.064
90	236	0.012665	36.19	1649.37	1.0644	5.129
91	11	0.000590319	1.69	1668.30	-0.9038	4.225
92	159	0.00853279	24.38	1681.34	0.3908	4.616
93	24	0.00128797	3.68	1695.36	-0.7901	3.826
94	253	0.0135773	38.79	1716.60	1.2131	5.039
95	19	0.00101964	2.91	1737.45	-0.8338	4.205
96	332	0.0178169	50.91	1764.36	1.9042	6.109
97	50	0.00268327	7.67	1793.65	-0.5626	5.546
98	58	0.00311259	8.89	1801.93	-0.4926	5.054
99	14	0.000751315	2.15	1807.45	-0.8775	4.176
100	100	0.00536653	15.33	1816.19	-0.1253	4.051
101	31	0.00166363	4.75	1826.23	-0.7288	3.322
102	48	0.00257594	7.36	1832.29	-0.5801	2.742
103	66	0.00354191	10.12	1841.03	-0.4227	2.319
104	142	0.00762048	21.77	1856.97	0.2421	2.561
105	76	0.00407857	11.65	1873.69	-0.3352	2.226
106	198	0.0106257	30.36	1894.69	0.7320	2.958
107	27	0.00144896	4.14	1911.94	-0.7638	2.194
108	243	0.0130407	37.26	1932.64	1.1256	3.320
109	9	0.000482988	1.38	1951.96	-0.9213	2.399
110	189	0.0101427	28.98	1967.14	0.6533	3.052
111	35	0.00187829	5.37	1984.31	-0.6938	2.358
112	336	0.0180316	51.52	2012.76	1.9391	4.297
113	16	0.000858645	2.45	2039.74	-0.8600	3.437
114	254	0.013631	38.95	2060.44	1.2219	4.659
115	12	0.000643984	1.84	2080.84	-0.8950	3.764
116	219	0.0117527	33.58	2098.54	0.9157	4.680
117	31	0.00166363	4.75	2117.71	-0.7288	3.951
118	177	0.00949877	27.14	2133.66	0.5483	4.499
119	31	0.00166363	4.75	2149.60	-0.7288	3.770
120	60	0.00321992	9.20	2156.58	-0.4752	3.295
121	9	0.000482988	1.38	2161.87	-0.9213	2.374
122	188	0.0100891	28.83	2176.97	0.6445	3.019
123	17	0.000912311	2.61	2192.69	-0.8513	2.167
124	182	0.00976709	27.91	2207.95	0.5920	2.759
125	15	0.00080498	2.30	2223.05	-0.8688	1.891
126	157	0.00842546	24.07	2236.23	0.3733	2.264
127	79	0.00423956	12.11	2254.33	-0.3090	1.955
128	332	0.0178169	50.91	2285.84	1.9042	3.859
129	14	0.000751315	2.15	2312.36	-0.8775	2.982
130	206	0.0110551	31.59	2329.23	0.8020	3.784
131	6	0.000321992	0.92	2345.48	-0.9475	2.836
132	178	0.00955243	27.29	2359.59	0.5570	3.393
133	44	0.00236128	6.75	2376.61	-0.6151	2.778
134	152	0.00815713	23.31	2391.63	0.3296	3.108
135	48	0.00257594	7.36	2406.97	-0.5801	2.527
136	168	0.00901578	25.76	2423.53	0.4696	2.997
137	16	0.000858645	2.45	2437.63	-0.8600	2.137
138	234	0.0125577	35.88	2456.80	1.0469	3.184
139	1	5.36653e-05	0.15	2474.82	-0.9913	2.193
140	100	0.00536653	15.33	2482.56	-0.1253	2.067
141	30	0.00160996	4.60	2492.53	-0.7376	1.330
142	227	0.012182	34.81	2512.23	0.9857	2.315
143	18	0.000965976	2.76	2531.01	-0.8425	1.473
144	297	0.0159386	45.54	2555.16	1.5980	3.071
145	10	0.000536653	1.53	2578.70	-0.9125	2.158
146	147	0.00788881	22.54	2590.73	0.2859	2.444
147	101	0.0054202	15.49	2609.75	-0.1165	2.328
148	293	0.0157239	44.93	2639.95	1.5630	3.891
149	2	0.000107331	0.31	2662.57	-0.9825	2.908
150	191	0.0102501	29.29	2677.36	0.6708	3.579
151	77	0.00413223	11.81	2697.91	-0.3264	3.253
152	14	0.000751315	2.15	2704.89	-0.8775	2.375
153	33	0.00177096	5.06	2708.49	-0.7113	1.664
154	179	0.0096061	27.45	2724.74	0.5658	2.229
155	73	0.00391757	11.19	2744.06	-0.3614	1.868
156	168	0.00901578	25.76	2762.54	0.4696	2.338
157	55	0.00295159	8.43	2779.63	-0.5189	1.819
158	212	0.0113771	32.51	2800.10	0.8545	2.673
159	18	0.000965976	2.76	2817.74	-0.8425	1.831
160	156	0.00837179	23.92	2831.08	0.3646	2.195
161	20	0.00107331	3.07	2844.57	-0.8251	1.370
162	71	0.00381024	10.89	2851.55	-0.3789	0.991
163	1	5.36653e-05	0.15	2857.07	-0.9913	-0.000
164	0	0	0.00	2857.14	0.0000	-0.000
165	0	0	0.00	2857.14	0.0000	-0.000
166	0	0	0.00	2857.14	0.0000	-0.000
167	0	0	0.00	2857.14	0.0000	-0.000
168	0	0	0.00	2857.14	0.0000	-0.000
169	0	0	0.00	2857.14	0.0000	-0.000
170	0	0	0.00	2857.14	0.0000	-0.000
171	0	0	0.00	2857.14	0.0000	-0.000
172	0	0	0.00	2857.14	0.0000	-0.000
173	0	0	0.00	2857.14	0.0000	-0.000
174	0	0	0.00	2857.14	0.0000	-0.000
175	0	0	0.00	2857.14	0.0000	-0.000
176	0	0	0.00	2857.14	0.0000	-0.000
177	0	0	0.00	2857.14	0.0000	-0.000
178	0	0	0.00	2857.14	0.0000	-0.000
179	0	0	0.00	2857.14	0.0000	-0.000
180	0	0	0.00	2857.14	0.0000	-0.000
181	0	0	0.00	2857.14	0.0000	-0.000
182	0	0	0.00	2857.14	0.0000	-0.000
183	0	0	0.00	2857.14	0.0000	-0.000
184	0	0	0.00	2857.14	0.0000	-0.000
185	0	0	0.00	2857.14	0.0000	-0.000
186	0	0	0.00	2857.14	0.0000	-0.000
187	0	0	0.00	2857.14	0.0000	-0.000
188	0	0	0.00	2857.14	0.0000	-0.000
189	0	0	0.00	2857.14	0.0000	-0.000
190	0	0	0.00	2857.14	0.0000	-0.000
191	0	0	0.00	2857.14	0.0000	-0.000
192	0	0	0.00	2857.14	0.0000	-0.000
