# Total counts: 15151
# Active taps: 162
# Average width: 17.64 ps
# Temperature: 62.8 °C
# 
# Bin	Counts	Count ratio	Bin width [ps]	Time [ps]	DNL [LSB]	INL [LSB]
1	201	0.0132665	37.90	18.95	1.1492	1.149
2	214	0.0141245	40.36	58.08	1.2882	2.437
3	251	0.0165666	47.33	101.93	1.6838	4.121
4	140	0.00924031	26.40	138.79	0.4969	4.618
5	29	0.00191407	5.47	154.73	-0.6899	3.928
6	174	0.0114844	32.81	173.87	0.8605	4.789
7	9	0.00059402	1.70	191.12	-0.9038	3.885
8	106	0.00699624	19.99	201.97	0.1334	4.018
9	38	0.00250809	7.17	215.54	-0.5937	3.425
10	159	0.0104944	29.98	234.12	0.7001	4.125
11	3	0.000198007	0.57	249.39	-0.9679	3.157
12	168	0.0110884	31.68	265.52	0.7963	3.953
13	4	0.000264009	0.75	281.74	-0.9572	2.996
14	203	0.0133985	38.28	301.25	1.1705	4.166
15	33	0.00217807	6.22	323.51	-0.6472	3.519
16	351	0.0231668	66.19	359.71	2.7530	6.272
17	6	0.000396013	1.13	393.37	-0.9358	5.336
18	192	0.0126724	36.21	412.04	1.0529	6.389
19	8	0.000528018	1.51	430.90	-0.9145	5.475
20	5	0.000330011	0.94	432.13	-0.9465	4.528
21	17	0.00112204	3.21	434.20	-0.8182	3.710
22	170	0.0112204	32.06	451.83	0.8177	4.528
23	30	0.00198007	5.66	470.69	-0.6792	3.849
24	155	0.0102303	29.23	488.13	0.6573	4.506
25	32	0.00211207	6.03	505.77	-0.6578	3.848
26	136	0.00897631	25.65	521.61	0.4542	4.302
27	38	0.00250809	7.17	538.01	-0.5937	3.708
28	42	0.00277209	7.92	545.56	-0.5509	3.158
29	2	0.000132004	0.38	549.70	-0.9786	2.179
30	139	0.00917431	26.21	563.00	0.4862	2.665
31	70	0.00462016	13.20	582.71	-0.2515	2.414
32	351	0.0231668	66.19	622.40	2.7530	5.167
33	44	0.0029041	8.30	659.65	-0.5295	4.637
34	157	0.0103624	29.61	678.60	0.6787	5.316
35	45	0.0029701	8.49	697.64	-0.5188	4.797
36	86	0.00567619	16.22	710.00	-0.0805	4.717
37	39	0.00257409	7.35	721.78	-0.5830	4.134
38	214	0.0141245	40.36	745.64	1.2882	5.422
39	8	0.000528018	1.51	766.57	-0.9145	4.507
40	8	0.000528018	1.51	768.08	-0.9145	3.593
41	11	0.000726025	2.07	769.87	-0.8824	2.710
42	165	0.0108904	31.12	786.46	0.7642	3.475
43	59	0.00389413	11.13	807.58	-0.3692	3.105
44	312	0.0205927	58.84	842.57	2.3360	5.441
45	94	0.00620421	17.73	880.85	0.0051	5.447
46	141	0.00930632	26.59	903.00	0.5076	5.954
47	26	0.00171606	4.90	918.75	-0.7220	5.232
48	12	0.000792027	2.26	922.33	-0.8717	4.361
49	48	0.00316811	9.05	927.99	-0.4868	3.874
50	119	0.00785427	22.44	943.74	0.2724	4.146
51	8	0.000528018	1.51	955.71	-0.9145	3.232
52	66	0.00435615	12.45	962.69	-0.2943	2.937
53	20	0.00132004	3.77	970.80	-0.7862	2.151
54	87	0.0057422	16.41	980.89	-0.0698	2.081
55	49	0.00323411	9.24	993.71	-0.4761	1.605
56	385	0.0254109	72.60	1034.63	3.1166	4.722
57	37	0.00244208	6.98	1074.42	-0.6044	4.118
58	198	0.0130684	37.34	1096.58	1.1171	5.235
59	3	0.000198007	0.57	1115.53	-0.9679	4.267
60	150	0.00990034	28.29	1129.96	0.6039	4.871
61	54	0.00356412	10.18	1149.19	-0.4226	4.448
62	164	0.0108244	30.93	1169.75	0.7535	5.202
63	27	0.00178206	5.09	1187.76	-0.7113	4.490
64	219	0.0144545	41.30	1210.95	1.3416	5.832
65	18	0.00118804	3.39	1233.30	-0.8075	5.024
66	65	0.00429015	12.26	1241.13	-0.3050	4.719
67	43	0.0028381	8.11	1251.31	-0.5402	4.179
68	33	0.00217807	6.22	1258.47	-0.6472	3.532
69	11	0.000726025	2.07	1262.62	-0.8824	2.650
70	76	0.00501617	14.33	1270.83	-0.1874	2.462
71	64	0.00422414	12.07	1284.03	-0.3157	2.146
72	151	0.00996634	28.48	1304.30	0.6145	2.761
73	11	0.000726025	2.07	1319.57	-0.8824	1.879
74	194	0.0128044	36.58	1338.90	1.0743	2.953
75	8	0.000528018	1.51	1357.95	-0.9145	2.038
76	225	0.0148505	42.43	1379.92	1.4058	3.444
77	5	0.000330011	0.94	1401.60	-0.9465	2.498
78	173	0.0114184	32.62	1418.39	0.8498	3.348
79	6	0.000396013	1.13	1435.27	-0.9358	2.412
80	41	0.00270609	7.73	1439.70	-0.5616	1.850
81	22	0.00145205	4.15	1445.64	-0.7648	1.085
82	164	0.0108244	30.93	1463.18	0.7535	1.839
83	74	0.00488417	13.95	1485.62	-0.2088	1.630
84	163	0.0107584	30.74	1507.96	0.7429	2.373
85	46	0.0030361	8.67	1527.67	-0.5082	1.865
86	117	0.00772226	22.06	1543.04	0.2510	2.116
87	64	0.00422414	12.07	1560.10	-0.3157	1.800
88	211	0.0139265	39.79	1586.03	1.2561	3.056
89	15	0.000990034	2.83	1607.34	-0.8396	2.217
90	179	0.0118144	33.76	1625.64	0.9139	3.130
91	75	0.00495017	14.14	1649.58	-0.1981	2.932
92	52	0.00343212	9.81	1661.56	-0.4440	2.488
93	24	0.00158405	4.53	1668.73	-0.7434	1.745
94	188	0.0124084	35.45	1688.71	1.0102	2.755
95	12	0.000792027	2.26	1707.57	-0.8717	1.884
96	205	0.0135305	38.66	1728.03	1.1919	3.075
97	18	0.00118804	3.39	1749.06	-0.8075	2.268
98	138	0.00910831	26.02	1763.77	0.4755	2.743
99	54	0.00356412	10.18	1781.87	-0.4226	2.321
100	164	0.0108244	30.93	1802.43	0.7535	3.074
101	6	0.000396013	1.13	1818.46	-0.9358	2.139
102	161	0.0106264	30.36	1834.20	0.7215	2.860
103	38	0.00250809	7.17	1852.97	-0.5937	2.266
104	195	0.0128704	36.77	1874.94	1.0850	3.351
105	9	0.00059402	1.70	1894.17	-0.9038	2.448
106	166	0.0109564	31.30	1910.67	0.7749	3.222
107	43	0.0028381	8.11	1930.38	-0.5402	2.682
108	96	0.00633622	18.10	1943.48	0.0265	2.709
109	31	0.00204607	5.85	1955.46	-0.6685	2.040
110	176	0.0116164	33.19	1974.98	0.8819	2.922
111	15	0.000990034	2.83	1992.98	-0.8396	2.082
112	176	0.0116164	33.19	2010.99	0.8819	2.964
113	8	0.000528018	1.51	2028.34	-0.9145	2.050
114	170	0.0112204	32.06	2045.13	0.8177	2.868
115	36	0.00237608	6.79	2064.55	-0.6151	2.252
116	73	0.00481816	13.77	2074.83	-0.2195	2.033
117	22	0.00145205	4.15	2083.79	-0.7648	1.268
118	162	0.0106924	30.55	2101.13	0.7322	2.000
119	27	0.00178206	5.09	2118.95	-0.7113	1.289
120	291	0.0192067	54.88	2148.94	2.1115	3.401
121	30	0.00198007	5.66	2179.21	-0.6792	2.721
122	150	0.00990034	28.29	2196.18	0.6039	3.325
123	13	0.000858029	2.45	2211.55	-0.8610	2.464
124	183	0.0120784	34.51	2230.03	0.9567	3.421
125	9	0.00059402	1.70	2248.13	-0.9038	2.517
126	183	0.0120784	34.51	2266.23	0.9567	3.474
127	26	0.00171606	4.90	2285.94	-0.7220	2.752
128	136	0.00897631	25.65	2301.22	0.4542	3.206
129	8	0.000528018	1.51	2314.79	-0.9145	2.292
130	197	0.0130024	37.15	2334.12	1.1064	3.398
131	14	0.000924031	2.64	2354.02	-0.8503	2.548
132	122	0.00805227	23.01	2366.84	0.3045	2.852
133	25	0.00165006	4.71	2380.70	-0.7327	2.119
134	176	0.0116164	33.19	2399.65	0.8819	3.001
135	11	0.000726025	2.07	2417.29	-0.8824	2.119
136	225	0.0148505	42.43	2439.54	1.4058	3.525
137	28	0.00184806	5.28	2463.39	-0.7006	2.824
138	166	0.0109564	31.30	2481.68	0.7749	3.599
139	4	0.000264009	0.75	2497.71	-0.9572	2.642
140	261	0.0172266	49.22	2522.70	1.7907	4.432
141	8	0.000528018	1.51	2548.06	-0.9145	3.518
142	113	0.00745825	21.31	2559.47	0.2082	3.726
143	58	0.00382813	10.94	2575.60	-0.3798	3.346
144	109	0.00719424	20.55	2591.34	0.1655	3.512
145	27	0.00178206	5.09	2604.17	-0.7113	2.801
146	124	0.00818428	23.38	2618.40	0.3259	3.126
147	42	0.00277209	7.92	2634.06	-0.5509	2.575
148	157	0.0103624	29.61	2652.82	0.6787	3.254
149	14	0.000924031	2.64	2668.94	-0.8503	2.404
150	143	0.00943832	26.97	2683.75	0.5290	2.933
151	27	0.00178206	5.09	2699.77	-0.7113	2.222
152	93	0.00613821	17.54	2711.09	-0.0056	2.216
153	42	0.00277209	7.92	2723.82	-0.5509	1.665
154	140	0.00924031	26.40	2740.98	0.4969	2.162
155	40	0.00264009	7.54	2757.95	-0.5723	1.590
156	183	0.0120784	34.51	2778.98	0.9567	2.546
157	3	0.000198007	0.57	2796.52	-0.9679	1.578
158	180	0.0118804	33.94	2813.77	0.9246	2.503
159	33	0.00217807	6.22	2833.85	-0.6472	1.856
160	52	0.00343212	9.81	2841.87	-0.4440	1.412
161	25	0.00165006	4.71	2849.13	-0.7327	0.679
162	30	0.00198007	5.66	2854.31	-0.6792	0.000
163	0	0	0.00	2857.14	0.0000	0.000
164	0	0	0.00	2857.14	0.0000	0.000
165	0	0	0.00	2857.14	0.0000	0.000
166	0	0	0.00	2857.14	0.0000	0.000
167	0	0	0.00	2857.14	0.0000	0.000
168	0	0	0.00	2857.14	0.0000	0.000
169	0	0	0.00	2857.14	0.0000	0.000
170	0	0	0.00	2857.14	0.0000	0.000
171	0	0	0.00	2857.14	0.0000	0.000
172	0	0	0.00	2857.14	0.0000	0.000
173	0	0	0.00	2857.14	0.0000	0.000
174	0	0	0.00	2857.14	0.0000	0.000
175	0	0	0.00	2857.14	0.0000	0.000
176	0	0	0.00	2857.14	0.0000	0.000
177	0	0	0.00	2857.14	0.0000	0.000
178	0	0	0.00	2857.14	0.0000	0.000
179	0	0	0.00	2857.14	0.0000	0.000
180	0	0	0.00	2857.14	0.0000	0.000
181	0	0	0.00	2857.14	0.0000	0.000
182	0	0	0.00	2857.14	0.0000	0.000
183	0	0	0.00	2857.14	0.0000	0.000
184	0	0	0.00	2857.14	0.0000	0.000
185	0	0	0.00	2857.14	0.0000	0.000
186	0	0	0.00	2857.14	0.0000	0.000
187	0	0	0.00	2857.14	0.0000	0.000
188	0	0	0.00	2857.14	0.0000	0.000
189	0	0	0.00	2857.14	0.0000	0.000
190	0	0	0.00	2857.14	0.0000	0.000
191	0	0	0.00	2857.14	0.0000	0.000
192	0	0	0.00	2857.14	0.0000	0.000
